
1000 1 10000 20000
0.0
0.03141075907812829
0.06279051952931337
0.09410831331851433
0.12533323356430426
0.15643446504023087
0.18738131458572463
0.21814324139654254
0.2486898871648548
0.2789911060392293
0.3090169943749474
0.33873792024529137
0.368124552684678
0.3971478906347806
0.42577929156507266
0.45399049973954675
0.4817536741017153
0.5090414157503713
0.5358267949789967
0.5620833778521306
0.5877852522924731
0.6129070536529765
0.6374239897486896
0.6613118653236518
0.6845471059286887
0.7071067811865475
0.7289686274214116
0.7501110696304595
0.7705132427757893
0.7901550123756904
0.8090169943749475
0.8270805742745618
0.8443279255020151
0.8607420270039436
0.8763066800438637
0.8910065241883678
0.9048270524660196
0.917754625683981
0.9297764858882513
0.9408807689542255
0.9510565162951535
0.9602936856769431
0.9685831611286311
0.9759167619387474
0.9822872507286886
0.9876883405951378
0.9921147013144779
0.99556196460308
0.9980267284282716
0.9995065603657316
1.0
0.9995065603657316
0.9980267284282716
0.99556196460308
0.9921147013144779
0.9876883405951378
0.9822872507286887
0.9759167619387474
0.9685831611286311
0.9602936856769431
0.9510565162951536
0.9408807689542255
0.9297764858882513
0.9177546256839813
0.9048270524660195
0.8910065241883679
0.8763066800438635
0.8607420270039436
0.844327925502015
0.8270805742745617
0.8090169943749475
0.7901550123756903
0.7705132427757893
0.7501110696304597
0.7289686274214118
0.7071067811865476
0.6845471059286888
0.6613118653236518
0.6374239897486899
0.6129070536529764
0.5877852522924732
0.5620833778521305
0.5358267949789967
0.5090414157503711
0.4817536741017152
0.45399049973954686
0.4257792915650725
0.3971478906347806
0.36812455268467814
0.33873792024529176
0.3090169943749475
0.27899110603922955
0.24868988716485482
0.21814324139654276
0.18738131458572457
0.15643446504023098
0.1253332335643041
0.09410831331851435
0.06279051952931358
0.031410759078128236
1.2246467991473532e-16
-0.03141075907812844
-0.06279051952931335
-0.09410831331851455
-0.12533323356430429
-0.15643446504023073
-0.18738131458572432
-0.2181432413965425
-0.24868988716485457
-0.2789911060392293
-0.3090169943749473
-0.3387379202452915
-0.3681245526846779
-0.3971478906347804
-0.42577929156507266
-0.4539904997395467
-0.4817536741017154
-0.5090414157503712
-0.5358267949789968
-0.5620833778521306
-0.587785252292473
-0.6129070536529763
-0.6374239897486896
-0.6613118653236517
-0.6845471059286887
-0.7071067811865475
-0.7289686274214113
-0.7501110696304595
-0.7705132427757894
-0.7901550123756904
-0.8090169943749473
-0.8270805742745616
-0.8443279255020153
-0.8607420270039438
-0.8763066800438636
-0.8910065241883678
-0.9048270524660198
-0.9177546256839813
-0.9297764858882515
-0.9408807689542255
-0.9510565162951535
-0.9602936856769432
-0.9685831611286312
-0.9759167619387474
-0.9822872507286887
-0.9876883405951377
-0.9921147013144778
-0.99556196460308
-0.9980267284282716
-0.9995065603657316
-1.0
-0.9995065603657316
-0.9980267284282716
-0.9955619646030801
-0.9921147013144779
-0.9876883405951378
-0.9822872507286887
-0.9759167619387475
-0.9685831611286311
-0.9602936856769431
-0.9510565162951536
-0.9408807689542256
-0.9297764858882512
-0.917754625683981
-0.9048270524660196
-0.8910065241883679
-0.8763066800438634
-0.8607420270039434
-0.844327925502015
-0.8270805742745618
-0.8090169943749476
-0.7901550123756901
-0.770513242775789
-0.7501110696304595
-0.7289686274214116
-0.707106781186547
-0.684547105928689
-0.6613118653236523
-0.6374239897486903
-0.6129070536529765
-0.5877852522924734
-0.5620833778521309
-0.5358267949789971
-0.509041415750372
-0.4817536741017153
-0.45399049973954697
-0.425779291565073
-0.3971478906347812
-0.36812455268467786
-0.3387379202452914
-0.3090169943749477
-0.27899110603922966
-0.2486898871648545
-0.21814324139654243
-0.18738131458572468
-0.15643446504023112
-0.12533323356430465
-0.09410831331851403
-0.06279051952931326
-0.03141075907812836
-2.4492935982947064e-16
0.03141075907812876
0.06279051952931367
0.09410831331851442
0.12533323356430418
0.1564344650402315
0.18738131458572507
0.21814324139654281
0.24868988716485488
0.27899110603922833
0.3090169943749472
0.338737920245291
0.36812455268467736
0.3971478906347799
0.42577929156507255
0.4539904997395466
0.4817536741017149
0.5090414157503708
0.5358267949789967
0.5620833778521305
0.5877852522924729
0.6129070536529762
0.6374239897486899
0.6613118653236519
0.6845471059286886
0.7071067811865474
0.7289686274214112
0.7501110696304597
0.7705132427757893
0.7901550123756903
0.8090169943749472
0.827080574274562
0.8443279255020152
0.8607420270039436
0.8763066800438636
0.8910065241883681
0.9048270524660197
0.9177546256839813
0.9297764858882515
0.9408807689542255
0.9510565162951535
0.960293685676943
0.968583161128631
0.9759167619387472
0.9822872507286886
0.9876883405951377
0.9921147013144778
0.99556196460308
0.9980267284282716
0.9995065603657316
1.0
0.9995065603657316
0.9980267284282716
0.99556196460308
0.9921147013144779
0.9876883405951377
0.9822872507286886
0.9759167619387473
0.9685831611286311
0.9602936856769431
0.9510565162951536
0.9408807689542257
0.9297764858882517
0.9177546256839808
0.9048270524660192
0.8910065241883676
0.8763066800438634
0.8607420270039435
0.8443279255020151
0.8270805742745619
0.8090169943749477
0.7901550123756906
0.7705132427757886
0.7501110696304589
0.728968627421411
0.7071067811865471
0.6845471059286884
0.6613118653236517
0.6374239897486897
0.6129070536529766
0.5877852522924734
0.5620833778521296
0.5358267949789957
0.5090414157503705
0.48175367410171466
0.4539904997395463
0.4257792915650723
0.39714789063478045
0.368124552684678
0.33873792024529153
0.3090169943749478
0.2789911060392298
0.2486898871648555
0.21814324139654342
0.18738131458572568
0.1564344650402321
0.12533323356430567
0.09410831331851592
0.06279051952931339
0.03141075907812848
3.6739403974420594e-16
-0.03141075907812775
-0.06279051952931265
-0.09410831331851342
-0.12533323356430318
-0.15643446504022962
-0.1873813145857232
-0.2181432413965427
-0.24868988716485477
-0.27899110603922905
-0.30901699437494706
-0.33873792024529087
-0.36812455268467725
-0.3971478906347798
-0.42577929156507166
-0.45399049973954725
-0.48175367410171555
-0.5090414157503714
-0.5358267949789965
-0.5620833778521305
-0.5877852522924728
-0.612907053652976
-0.6374239897486891
-0.6613118653236512
-0.6845471059286892
-0.7071067811865479
-0.7289686274214118
-0.7501110696304596
-0.7705132427757893
-0.7901550123756902
-0.8090169943749472
-0.8270805742745615
-0.8443279255020156
-0.8607420270039441
-0.8763066800438639
-0.8910065241883681
-0.9048270524660197
-0.9177546256839811
-0.9297764858882513
-0.9408807689542253
-0.9510565162951534
-0.9602936856769434
-0.9685831611286314
-0.9759167619387475
-0.9822872507286888
-0.9876883405951378
-0.9921147013144779
-0.99556196460308
-0.9980267284282716
-0.9995065603657316
-1.0
-0.9995065603657315
-0.9980267284282716
-0.9955619646030801
-0.992114701314478
-0.9876883405951379
-0.9822872507286889
-0.9759167619387478
-0.9685831611286312
-0.9602936856769432
-0.9510565162951538
-0.9408807689542257
-0.9297764858882517
-0.9177546256839816
-0.90482705246602
-0.8910065241883685
-0.8763066800438644
-0.8607420270039436
-0.8443279255020151
-0.8270805742745619
-0.8090169943749477
-0.7901550123756907
-0.7705132427757897
-0.7501110696304601
-0.7289686274214123
-0.7071067811865485
-0.6845471059286885
-0.6613118653236518
-0.6374239897486897
-0.6129070536529767
-0.5877852522924735
-0.5620833778521311
-0.5358267949789973
-0.5090414157503722
-0.48175367410171477
-0.4539904997395464
-0.42577929156507244
-0.39714789063478056
-0.3681245526846781
-0.33873792024529165
-0.3090169943749479
-0.2789911060392299
-0.2486898871648556
-0.21814324139654181
-0.18738131458572405
-0.15643446504023048
-0.125333233564304
-0.09410831331851427
-0.06279051952931351
-0.031410759078128604
-4.898587196589413e-16
0.0314107590781294
0.0627905195293143
0.09410831331851506
0.1253332335643048
0.15643446504023126
0.18738131458572485
0.2181432413965426
0.24868988716485466
0.27899110603922894
0.3090169943749486
0.3387379202452924
0.3681245526846788
0.3971478906347813
0.42577929156507316
0.45399049973954714
0.48175367410171543
0.5090414157503698
0.535826794978995
0.5620833778521304
0.5877852522924727
0.6129070536529759
0.6374239897486891
0.661311865323651
0.6845471059286877
0.7071067811865466
0.7289686274214104
0.7501110696304596
0.7705132427757891
0.7901550123756902
0.8090169943749471
0.8270805742745614
0.8443279255020146
0.8607420270039431
0.876306680043863
0.8910065241883672
0.9048270524660196
0.9177546256839811
0.9297764858882513
0.9408807689542253
0.9510565162951534
0.9602936856769428
0.9685831611286309
0.9759167619387472
0.9822872507286888
0.9876883405951378
0.9921147013144779
0.99556196460308
0.9980267284282716
0.9995065603657316
1.0
0.9995065603657316
0.9980267284282717
0.99556196460308
0.9921147013144778
0.9876883405951377
0.9822872507286886
0.9759167619387474
0.9685831611286312
0.9602936856769432
0.9510565162951538
0.9408807689542257
0.9297764858882511
0.9177546256839809
0.9048270524660194
0.8910065241883677
0.8763066800438635
0.8607420270039436
0.8443279255020152
0.827080574274562
0.8090169943749467
0.7901550123756897
0.7705132427757887
0.7501110696304591
0.7289686274214112
0.7071067811865474
0.6845471059286886
0.6613118653236519
0.6374239897486899
0.6129070536529754
0.5877852522924736
0.5620833778521312
0.5358267949789974
0.5090414157503723
0.48175367410171643
0.45399049973954814
0.42577929156507416
0.3971478906347823
0.3681245526846782
0.33873792024529176
0.309016994374948
0.27899110603923
0.2486898871648557
0.21814324139654367
0.18738131458572593
0.15643446504023234
0.12533323356430415
0.0941083133185144
0.06279051952931362
0.03141075907812873
6.123233995736766e-16
-0.0314107590781275
-0.0627905195293124
-0.09410831331851317
-0.12533323356430293
-0.15643446504023115
-0.1873813145857247
-0.21814324139654245
-0.24868988716485452
-0.27899110603922883
-0.3090169943749485
-0.33873792024529065
-0.3681245526846787
-0.39714789063477957
-0.42577929156507305
-0.4539904997395454
-0.4817536741017153
-0.5090414157503697
-0.5358267949789964
-0.5620833778521317
-0.5877852522924726
-0.6129070536529773
-0.637423989748689
-0.6613118653236524
-0.6845471059286877
-0.7071067811865477
-0.7289686274214128
-0.7501110696304595
-0.7705132427757901
-0.7901550123756901
-0.8090169943749481
-0.8270805742745614
-0.8443279255020155
-0.8607420270039431
-0.8763066800438638
-0.8910065241883688
-0.9048270524660196
-0.9177546256839818
-0.9297764858882513
-0.9408807689542259
-0.9510565162951534
-0.9602936856769433
-0.9685831611286309
-0.9759167619387475
-0.982287250728689
-0.9876883405951378
-0.9921147013144781
-0.99556196460308
-0.9980267284282717
-0.9995065603657315
-1.0
-0.9995065603657316
-0.9980267284282716
-0.9955619646030798
-0.9921147013144778
-0.9876883405951374
-0.9822872507286887
-0.975916761938747
-0.9685831611286312
-0.9602936856769427
-0.9510565162951538
-0.9408807689542251
-0.9297764858882505
-0.9177546256839809
-0.9048270524660186
-0.8910065241883678
-0.8763066800438627
-0.8607420270039438
-0.8443279255020143
-0.8270805742745622
-0.8090169943749468
-0.7901550123756887
-0.7705132427757888
-0.750111069630458
-0.7289686274214113
-0.7071067811865461
-0.6845471059286886
-0.6613118653236534
-0.63742398974869
-0.6129070536529783
-0.5877852522924737
-0.5620833778521328
-0.5358267949789975
-0.5090414157503739
-0.48175367410171654
-0.4539904997395498
-0.42577929156507427
-0.3971478906347808
-0.36812455268468
-0.33873792024529187
-0.3090169943749498
-0.2789911060392301
-0.24868988716485754
-0.21814324139654379
-0.1873813145857278
-0.15643446504023248
-0.12533323356430426
-0.09410831331851628
-0.06279051952931375
-0.03141075907813062
-7.347880794884119e-16
0.03141075907812561
0.06279051952931229
0.09410831331851129
0.12533323356430282
0.156434465040231
0.18738131458572285
0.21814324139654234
0.24868988716485269
0.2789911060392287
0.309016994374945
0.33873792024529054
0.36812455268467525
0.39714789063477945
0.42577929156507294
0.4539904997395453
0.4817536741017152
0.5090414157503695
0.5358267949789963
0.5620833778521287
0.5877852522924725
0.6129070536529772
0.6374239897486889
0.6613118653236523
0.6845471059286876
0.7071067811865476
0.7289686274214102
0.7501110696304594
0.7705132427757878
0.79015501237569
0.809016994374948
0.8270805742745613
0.8443279255020154
0.860742027003943
0.8763066800438637
0.8910065241883671
0.9048270524660195
0.9177546256839804
0.9297764858882512
0.9408807689542259
0.9510565162951533
0.9602936856769433
0.9685831611286309
0.9759167619387475
0.9822872507286884
0.9876883405951378
0.9921147013144775
0.99556196460308
0.9980267284282717
0.9995065603657315
1.0
0.9995065603657316
0.9980267284282716
0.9955619646030801
0.9921147013144778
0.987688340595138
0.9822872507286887
0.9759167619387471
0.9685831611286312
0.9602936856769427
0.9510565162951539
0.9408807689542252
0.9297764858882518
0.9177546256839809
0.9048270524660187
0.8910065241883678
0.8763066800438628
0.8607420270039438
0.8443279255020144
0.8270805742745622
0.8090169943749469
0.790155012375691
0.7705132427757888
0.750111069630458
0.7289686274214113
0.7071067811865462
0.6845471059286887
0.6613118653236507
0.6374239897486901
0.6129070536529756
0.5877852522924738
0.5620833778521299
0.5358267949789947
0.509041415750371
0.4817536741017135
0.45399049973954675
0.42577929156507116
0.3971478906347809
0.36812455268467675
0.33873792024529203
0.30901699437494656
0.27899110603922683
0.24868988716485424
0.21814324139654043
0.1873813145857244
0.15643446504022906
0.1253332335643044
0.09410831331851287
0.06279051952931387
0.031410759078127196
-2.6954609193973537e-15
-0.031410759078129034
-0.0627905195293157
-0.0941083133185147
-0.12533323356430268
-0.15643446504022737
-0.18738131458572274
-0.21814324139654223
-0.24868988716485257
-0.2789911060392286
-0.3090169943749449
-0.33873792024529037
-0.36812455268467514
-0.39714789063477934
-0.4257792915650696
-0.4539904997395452
-0.4817536741017151
-0.5090414157503694
-0.5358267949789962
-0.5620833778521286
-0.5877852522924725
-0.6129070536529743
-0.6374239897486887
-0.6613118653236495
-0.6845471059286875
-0.7071067811865476
-0.7289686274214102
-0.7501110696304593
-0.7705132427757878
-0.79015501237569
-0.8090169943749459
-0.8270805742745613
-0.8443279255020134
-0.8607420270039429
-0.8763066800438637
-0.891006524188367
-0.9048270524660195
-0.9177546256839803
-0.9297764858882512
-0.9408807689542247
-0.9510565162951533
-0.9602936856769423
-0.9685831611286309
-0.9759167619387474
-0.9822872507286884
-0.9876883405951378
-0.9921147013144775
-0.99556196460308
-0.9980267284282714
-0.9995065603657315
-1.0
-0.9995065603657316
-0.9980267284282716
-0.9955619646030801
-0.9921147013144778
-0.987688340595138
-0.9822872507286887
-0.9759167619387479
-0.9685831611286313
-0.9602936856769427
-0.9510565162951539
-0.9408807689542252
-0.9297764858882519
-0.917754625683981
-0.9048270524660202
-0.8910065241883679
-0.8763066800438646
-0.8607420270039439
-0.8443279255020144
-0.8270805742745623
-0.8090169943749469
-0.7901550123756911
-0.7705132427757889
-0.7501110696304605
-0.7289686274214114
-0.7071067811865488
-0.6845471059286888
-0.6613118653236508
-0.6374239897486902
-0.6129070536529757
-0.5877852522924739
-0.56208337785213
-0.5358267949789978
-0.5090414157503711
-0.48175367410171677
-0.45399049973954686
-0.42577929156507127
-0.397147890634781
-0.36812455268467686
-0.33873792024529215
-0.3090169943749467
-0.27899110603923033
-0.24868988716485435
-0.218143241396544
-0.18738131458572455
-0.1564344650402292
-0.1253332335643045
-0.09410831331851299
-0.062790519529314
-0.03141075907812732
-9.797174393178826e-16
0.03141075907812891
0.06279051952931558
0.09410831331851457
0.1253332335643061
0.15643446504023079
0.1873813145857261
0.21814324139654212
0.2486898871648559
0.2789911060392285
0.3090169943749482
0.33873792024529364
0.36812455268467836
0.39714789063478245
0.4257792915650727
0.4539904997395483
0.48175367410171505
0.5090414157503724
0.5358267949789961
0.5620833778521314
0.5877852522924752
0.6129070536529769
0.6374239897486914
0.661311865323652
0.6845471059286901
0.7071067811865475
0.7289686274214126
0.7501110696304593
0.7705132427757899
0.7901550123756921
0.8090169943749479
0.8270805742745632
0.8443279255020153
0.8607420270039429
0.8763066800438619
0.891006524188367
0.9048270524660179
0.9177546256839803
0.9297764858882511
0.9408807689542246
0.9510565162951533
0.9602936856769423
0.9685831611286307
0.9759167619387467
0.9822872507286884
0.9876883405951377
0.9921147013144775
0.99556196460308
0.9980267284282714
0.9995065603657315
1.0
0.9995065603657316
0.9980267284282718
0.9955619646030801
0.9921147013144779
0.987688340595138
0.9822872507286887
0.9759167619387479
0.9685831611286313
0.9602936856769438
0.9510565162951539
0.9408807689542265
0.9297764858882519
0.917754625683981
0.9048270524660202
0.8910065241883679
0.8763066800438646
0.8607420270039439
0.8443279255020164
0.8270805742745623
0.8090169943749491
0.7901550123756911
0.770513242775789
0.7501110696304606
0.7289686274214116
0.7071067811865489
0.684547105928689
0.6613118653236536
0.6374239897486903
0.6129070536529786
0.587785252292474
0.5620833778521301
0.5358267949789979
0.5090414157503712
0.4817536741017168
0.45399049973954697
0.4257792915650746
0.3971478906347811
0.368124552684677
0.33873792024529226
0.3090169943749468
0.2789911060392305
0.24868988716485446
0.21814324139654415
0.18738131458572466
0.15643446504023284
0.12533323356430462
0.09410831331851312
0.06279051952931412
0.03141075907812744
1.102182119232618e-15
-0.03141075907812879
-0.06279051952931192
-0.09410831331851445
-0.12533323356430245
-0.15643446504023065
-0.187381314585726
-0.21814324139654198
-0.24868988716485577
-0.27899110603922833
-0.30901699437494806
-0.33873792024529015
-0.36812455268467825
-0.3971478906347791
-0.4257792915650726
-0.4539904997395482
-0.48175367410171493
-0.5090414157503723
-0.535826794978996
-0.5620833778521312
-0.5877852522924722
-0.6129070536529768
-0.6374239897486885
-0.6613118653236519
-0.68454710592869
-0.7071067811865474
-0.7289686274214124
-0.7501110696304591
-0.7705132427757899
-0.7901550123756897
-0.8090169943749478
-0.827080574274561
-0.8443279255020152
-0.8607420270039446
-0.8763066800438636
-0.8910065241883686
-0.9048270524660194
-0.9177546256839816
-0.9297764858882511
-0.9408807689542258
-0.9510565162951543
-0.9602936856769432
-0.9685831611286316
-0.9759167619387474
-0.9822872507286889
-0.9876883405951377
-0.992114701314478
-0.99556196460308
-0.9980267284282717
-0.9995065603657316
-1.0
-0.9995065603657315
-0.9980267284282716
-0.9955619646030799
-0.9921147013144779
-0.9876883405951374
-0.9822872507286887
-0.9759167619387471
-0.9685831611286304
-0.9602936856769428
-0.951056516295154
-0.9408807689542266
-0.929776485888252
-0.9177546256839825
-0.9048270524660204
-0.8910065241883696
-0.8763066800438647
-0.860742027003944
-0.8443279255020165
-0.8270805742745624
-0.8090169943749491
-0.7901550123756912
-0.7705132427757914
-0.7501110696304607
-0.728968627421414
-0.707106781186549
-0.6845471059286891
-0.6613118653236537
-0.6374239897486904
-0.6129070536529787
-0.5877852522924741
-0.5620833778521332
-0.535826794978998
-0.5090414157503713
-0.48175367410171693
-0.4539904997395471
-0.4257792915650747
-0.39714789063478123
-0.3681245526846804
-0.33873792024529237
-0.3090169943749503
-0.2789911060392306
-0.2486898871648546
-0.21814324139654426
-0.18738131458572477
-0.15643446504023295
-0.12533323356430476
-0.09410831331851677
-0.06279051952931425
-0.031410759078131116
